0 73 79 80 81 82 83 84 85 86 87 88 89 90 91 92 93 94 95 96 97 98 99 100 101 102
1 94
2 89
3 94
4 
5 95
6 94
7 94
8 
9 94 95
10 94
11 
12 100
13 90
14 89
15 94
16 94
17 85 98
18 
19 
20 85 98
21 94
22 94
23 84 94
24 95
25 94
26 94
27 
28 102
29 79
30 
31 94
32 85
33 98
34 95 184 191
35 85
36 94 95
37 95
38 94
39 94
40 94
41 85 98
42 89
43 
44 98
45 94
46 86
47 94
48 95
49 94
50 94
51 82
52 85 96
53 
54 79 90
55 83 94
56 94
57 95
58 73 95 124 133 164
59 83
60 94
61 79
62 94
63 94
64 94
65 94
66 90
67 94
68 92
69 83 94
70 90
71 79
72 94
73 88
74 88
75 
76 90
77 94
78 
79 94
80 95
81 79
82 94
83 82
84 83
85 95
86 92
87 94
88 
89 94
90 96
91 
92 95
93 85 98
94 95
95 94
96 94
97 79 90
98 94
99 81
100 
101 95
102 
103 94
104 94
105 94 96
106 
107 34 35 39 70 71 72 73 74 75 76 77 78 171
108 94
109 94
110 79
111 85
112 
113 90
114 94
115 85 98
116 81
117 94
118 90
119 94
120 
121 94
122 83 94
123 94
124 94
125 83 94
126 96
127 94 95
128 94
129 94
130 
131 92
132 79
133 94
134 90
135 94 95
136 94 104 136 141
137 85 98
138 92
139 94 95
140 81
141 94
142 94
143 92
144 81
145 96
146 88 94
147 81
148 94
149 102
150 81
151 90
152 94
153 
154 88
155 81
156 83
157 94
158 90
159 
160 
161 90
162 102
163 79
164 88
165 90
166 
167 
168 94
169 94
170 94
171 94 164
172 94 96
173 35 80 95 184 191
174 99
175 93
176 94
177 97
178 
179 96
180 95
181 
182 
183 79 94
184 
185 94
186 94
187 95
188 94
189 94
190 94
191 
192 85
193 79
194 95
195 
196 94
197 94 95
198 94 184 186 191
199 90
200 94
201 
202 95
203 90
204 88
205 
206 88
207 94
208 94
209 85
210 96
211 90
212 90
213 94
214 85 98
215 79
216 89
217 
218 90
219 94
220 99
221 
222 79
223 83
224 94
225 86
226 
227 93
228 
229 79
230 
231 
232 
233 94
234 
235 90
236 83 94
237 82
238 90
239 83
240 90
241 
242 94
243 
244 99
245 79
246 94
247 94
248 94
249 95
250 83
251 94 95
252 90
253 79
254 95
255 94
256 94
257 83
258 83 95
259 79
260 
261 94
262 99
263 
264 79
265 90
266 95
267 101
268 83
269 94
270 81
271 94
272 
273 
274 94
275 
276 94
277 94
278 91
279 88
280 83 94
281 94 95
282 87 99
283 
284 
285 94
286 94
287 
288 94
289 85
290 94
291 94
292 88
293 99
294 94 96
295 83
296 
297 94
298 79 90
299 95
300 
301 94
302 
303 94
304 94
305 
306 
307 
308 90 94
309 94 95
310 85
311 90
312 85 98
313 90
314 94
315 94
316 94
317 94
318 94
319 94
320 
321 85
322 94
323 94
324 90
325 94
326 85 98
327 81
328 94
329 
330 95
331 90
332 90
333 98
334 79
335 
336 88
337 85
338 94
339 94
340 94
341 94
342 94
343 85 98
344 83
345 94
346 
347 94
348 33 34 35 73 180 181 182 183 184 185 186 187 188 189 190 191 192 193
349 181 183
350 181 187
351 186
352 181 182 191
353 181 191
354 181 193
355 181 193
356 181
357 181 185
358 186
359 181 193
360 181 191 193
361 181 193
362 181 189 191
363 34 73 181 191 193
364 186
365 191
366 73 180 181 191
367 181 188 193
368 181 182 191
369 181 187 188
370 34 181 191 193
371 181 189 191
372 181 193
373 33 34 180 181 191
374 34 181 191 193
375 181 182
376 33 34 180 181 188 191 193
377 181
378 34 181 187 188 191
379 181
380 181 185
381 181 185
382 181 193
383 181
384 
385 181
386 
387 180 181 191
388 180 181 191 193
389 71 181 185
390 181 191 193
391 33 34 180 181 188 191
392 181 191
393 186
394 34 181 191
395 34 181 182 191
396 181 193
397 181 185 188 193
398 181 182 191
399 186
400 34 180 181 191
401 
402 181 191 193
403 181 193
404 181 182 191
405 181 187 188
406 181
407 181 187
408 180 181 182 191
409 181 182 191
410 181 193
411 190
412 34 181 188 191 193
413 181 189 191
414 33 34 35 36 37 38 39 76 180 181 188 191
415 181 189 191
416 181 191 192
417 181 191
418 181 193
419 181 182 185 191
420 73 181 188 191 192
421 181 187 191 192
422 39 181
423 34 181 191
424 181 185
425 181 188 191
426 181 187
427 35 184 191
428 34 35 73 113 124 133 181 184 191
429 181
430 181 191 192
431 34 180 181 182 188 191
432 181 191 192 193
433 181 187
434 34 181 183 191
435 181 185
436 33 34 181 188 191
437 181
438 34 181 191 193
439 181 188 191
440 181 182
441 186
442 181
443 
444 181 191 193
445 181 189 191
446 181 188 191
447 186
448 181 189 191
449 181 187 188 193
450 180 181 191 193
451 181 191 192
452 180 181 191 193
453 181 190
454 186
455 181 187 188 193
456 181 182 191
457 181 185
458 181 191 193
459 181 185
460 181 189 191 193
461 33 34 180 181 188 191
462 181 182 191
463 180 181 189 191 193
464 
465 34 181 191 192
466 181
467 181
468 190
469 181 185
470 181 193
471 181 187 188 191
472 181
473 181 189 191
474 181 188 193
475 33 34 180 181 188 191 193
476 181 186
477 181 185
478 181 183 188
479 181 182 191
480 181 184 193
481 181 193
482 181 191 193
483 34 39 181 191
484 181 182 191
485 181 185
486 181 185
487 181 191
488 181 191 193
489 181 193
490 181 188
491 181 188
492 34 181 188 191
493 181 182 191
494 181 182 191
495 181 189 191
496 34 181 191 193
497 181 191 193
498 190
499 181
500 34 37 180 181 191 193
501 186
502 181 188
503 181 182 191
504 181 187 193
505 181 185
506 34 181 191 193
507 181 191 193
508 181 183 191
509 181 185
510 181 187 193
511 181 182 191
512 181 182 191
513 34 180 181 187 191
514 34 181 191 193
515 34 181 191 193
516 181 185
517 73 180 181 191
518 181 185
519 181 193
520 181 188 191
521 181 191 193
522 181 188
523 181 188 191 193
524 33 34 180 181 191
525 180 181 182 188 191
526 76 181 182 191 193
527 181 188 191
528 181 193
529 181
530 181 193
531 181 188 193
532 181
533 181 187 193
534 181 183 188
535 181 189 191
536 181 182 191
537 181 191
538 181 182 191
539 181
540 181
541 181 188 193
542 34 181 189 191
543 181 187 193
544 34 181 188 191 193
545 181 188 191 193
546 181 193
547 181 193
548 181 188 193
549 184 191
550 
551 181 185
552 
553 34 181 191 193
554 181 185
555 181 193
556 34 181 191
557 181 193
558 34 35 181 184 191 193
559 34 181 191
560 181 189 191
561 34 181 182 187 188 191
562 181 193
563 34 35 71 73 113 124 133 181 184 185 187 188 191 192
564 186
565 181 191 193
566 34 73 181 191 193
567 34 35 181 191
568 181 188 193
569 181 191 192
570 181 188 191 193
571 181
572 181
573 39
574 39
575 39
576 37
577 37
578 37
579 36 39
580 34
581 
582 37
583 37
584 38 39
585 
586 
587 
588 39
589 39
590 34 39
591 34
592 36 39
593 
594 35 59
595 37
596 39
597 36 39
598 39
599 37
600 37
601 34 39
602 38 39
603 36 39
604 34 35
605 39
606 34 73
607 34 35
608 
609 39
610 
611 36 39
612 39
613 
614 34
615 37
616 38 39
617 39
618 39
619 39
620 39
621 39
622 39
623 39
624 
625 39
626 39
627 37
628 37
629 39
630 39
631 38 39
632 37
633 39
634 
635 37
636 39
637 34 39
638 39
639 38 39
640 37
641 34 39
642 
643 37
644 39
645 
646 
647 37
648 
649 35
650 37
651 34 73
652 
653 39
654 39
655 39
656 
657 39
658 37
659 37
660 38
661 37
662 37
663 39
664 39
665 37
666 39
667 35
668 34
669 34
670 37
671 
672 39
673 
674 34 39
675 37
676 34
677 36 39
678 38 39
679 38 39
680 39
681 37
682 38 39
683 34
684 36 39
685 39
686 149 150 151 152 153 154 155 156 157 158 159 160 161 162
687 149 153
688 153 158
689 151 158
690 158
691 150 158 160
692 152
693 153
694 153 158 162
695 153 158
696 153 158
697 40 42 49 149 153 155 157 158 162
698 40 41 42 43 44 45 46 47 48 49 50 51 52 149 150 151 153 154 155 157 158 161 162
699 151 158
700 149
701 153 158
702 151 158 160 162
703 149 153
704 157 158
705 149 153 154 155 157 160 161 162
706 153 157
707 151 158
708 40 42 149 153 155 157 158 161 162
709 149 153 162
710 152
711 158
712 151 158
713 40 153 158
714 151 158 160
715 152
716 149 153 158 161 162
717 149 159 162
718 149 153
719 40 149 153 158 161 162
720 149 153 161
721 155 158
722 150 151 158
723 158
724 153 158
725 151 158 160
726 153 158
727 158
728 149 153 161 162
729 41 43 152 158
730 149 153 161
731 153 158
732 151 158
733 150 151 158
734 158
735 152
736 150 158
737 149 153 161 162
738 158
739 149 153 156 157 161
740 157
741 149 153 161
742 150 158
743 150 158
744 156 158
745 40 42 149 153 155 161 162
746 150 151 158
747 40 51 149 150 153 157 161 162
748 149
749 156 157 162
750 157
751 158
752 153 157 158
753 41 152 158
754 149 153
755 149 153 158 161 162
756 158
757 150 157
758 149 153 157 161 162
759 149 156
760 153 158
761 152
762 152 158
763 149 161
764 149 153 155 158
765 149
766 153 158
767 151 158
768 150 158
769 149 152 158
770 149 153 157 158 161
771 150 151 158 160
772 42 153 158 162
773 153
774 40 42 44 149 153 155 157 158
775 149 156 157
776 46 48 151
777 153 158
778 153
779 149 153 162
780 149 153 158 162
781 149 153 155 158 161 162
782 149 150 151 158
783 149 153 155 161 162
784 158
785 156 158
786 150 151 158
787 149 153 161 162
788 151 158
789 150 151 155 158 162
790 149 153 157 161 162
791 151 158 160 162
792 149 153 158
793 149 153 161
794 158
795 158
796 151 152 158
797 149 153 161
798 149 153 154 157 158 159 161 162
799 158 161
800 42 153 155 158 162
801 156 162
802 151 158 160
803 40 149 153 161
804 41 43 149
805 42 149 153 155 158 160 162
806 150 151 158 160
807 149 153
808 149 153 161 162
809 149 153 155 157 161 162
810 42 50 151 153 158
811 152 155 157
812 149 153 162
813 150 158
814 149 153 158 161 162
815 149 153 156 157 158 162
816 150 158
817 149 153 158
818 151 155 158 160
819 149 151 153
820 149 153 161
821 153 161 162
822 151 158 160 162
823 40 42 149 151 153 155 157 162
824 149 153 158 162
825 41 152
826 158 161
827 149 153 157 158 161 162
828 40 42 149 153 154 158 162
829 158
830 40 149 153 158
831 149
832 149 161
833 150 151 158
834 153
835 149 153 158 162
836 149 153 157 161 162
837 149 153 162
838 149 153 162
839 151 158 160
840 40 42 149 153
841 149 156 157 161
842 158
843 149 153 162
844 153
845 153 158
846 156 158
847 153 158
848 158
849 149 153 158 161
850 150 152 158 160
851 154
852 149 159 162
853 153 158
854 150 158
855 159 162
856 40 41 42 43 44 149 151 153 157 162
857 46
858 45
859 
860 50 52 164
861 
862 46 50
863 41 43
864 41
865 50
866 45
867 48
868 50
869 
870 45
871 45 50
872 48
873 48
874 48
875 41 43
876 41 43 47
877 48
878 41 43
879 45
880 42
881 45
882 41 43
883 52
884 41
885 48
886 41 43
887 48
888 41 43
889 41 43 47
890 
891 
892 
893 41
894 
895 45
896 
897 
898 
899 77
900 
901 78
902 
903 78
904 
905 
906 76
907 
908 76 77
909 
910 78
911 
912 77
913 72
914 73
915 73
916 76
917 
918 
919 
920 76
921 76
922 76 77
923 76
924 
925 76
926 76
927 76
928 
929 76
930 
931 
932 
933 
934 76
935 
936 
937 
938 78
939 
940 
941 
942 
943 
944 
945 
946 76
947 76
948 
949 
950 71 76
951 76
952 76
953 
954 
955 70
956 
957 
958 78
959 
960 
961 76
962 
963 78
964 
965 
966 76
967 76
968 77
969 
970 
971 75
972 
973 
974 
975 
976 73
977 
978 76
979 74
980 76
981 
982 76
983 76
984 
985 
986 
987 72
988 
989 
990 76 171
991 76
992 78
993 
994 
995 
996 76
997 
998 
999 
1000 
1001 77
1002 
1003 76
1004 
1005 
1006 76
1007 
1008 76
1009 
1010 
1011 
1012 77
1013 71
1014 
1015 75
1016 74
1017 76
1018 75
1019 
1020 
1021 
1022 
1023 
1024 
1025 73
1026 76
1027 
1028 76
1029 76
1030 70
1031 71 76
1032 
1033 
1034 76
1035 72
1036 75
1037 
1038 77
1039 76
1040 
1041 
1042 
1043 70
1044 
1045 70
1046 
1047 
1048 76
1049 76
1050 76
1051 
1052 72
1053 74
1054 76
1055 76
1056 76
1057 74
1058 76
1059 76
1060 75
1061 
1062 77
1063 
1064 
1065 
1066 
1067 
1068 76
1069 76
1070 
1071 
1072 
1073 76
1074 76
1075 76
1076 76
1077 76
1078 
1079 76
1080 73
1081 
1082 
1083 
1084 76
1085 4 5 20 76
1086 76
1087 71 76
1088 76
1089 76
1090 
1091 
1092 76
1093 
1094 
1095 
1096 
1097 78
1098 76
1099 75
1100 
1101 76
1102 
1103 
1104 
1105 
1106 
1107 76
1108 
1109 
1110 76
1111 70
1112 76
1113 73
1114 73
1115 75
1116 76
1117 
1118 78
1119 
1120 75
1121 
1122 
1123 76
1124 76
1125 
1126 76
1127 
1128 76
1129 
1130 
1131 
1132 76
1133 77
1134 
1135 76
1136 
1137 78
1138 74
1139 
1140 76
1141 
1142 73
1143 75
1144 71 76
1145 76
1146 76
1147 
1148 
1149 76
1150 
1151 76
1152 
1153 
1154 
1155 73
1156 
1157 
1158 75
1159 
1160 
1161 76
1162 
1163 
1164 
1165 76
1166 
1167 
1168 
1169 
1170 
1171 178
1172 76
1173 
1174 71 76
1175 
1176 
1177 74
1178 76
1179 73
1180 
1181 76
1182 76
1183 72
1184 76
1185 
1186 78
1187 
1188 
1189 
1190 
1191 76
1192 
1193 76
1194 
1195 76
1196 
1197 70 76
1198 76
1199 
1200 
1201 76
1202 
1203 
1204 
1205 
1206 
1207 
1208 
1209 76
1210 
1211 76
1212 
1213 
1214 76
1215 75
1216 78
1217 
1218 
1219 76
1220 
1221 
1222 
1223 73
1224 
1225 
1226 
1227 75
1228 
1229 
1230 
1231 75
1232 78
1233 
1234 
1235 
1236 
1237 73
1238 76
1239 
1240 
1241 
1242 76
1243 76
1244 
1245 
1246 
1247 
1248 
1249 
1250 76
1251 71 76
1252 70
1253 
1254 70
1255 
1256 
1257 75
1258 
1259 
1260 
1261 75
1262 77
1263 72
1264 
1265 76
1266 
1267 76
1268 
1269 76
1270 
1271 76
1272 76
1273 
1274 
1275 
1276 
1277 
1278 76
1279 
1280 
1281 
1282 
1283 76
1284 
1285 
1286 
1287 
1288 76
1289 
1290 76
1291 76
1292 
1293 76
1294 
1295 
1296 
1297 
1298 
1299 
1300 
1301 76 77
1302 
1303 
1304 
1305 76
1306 
1307 
1308 
1309 
1310 
1311 
1312 76
1313 
1314 78
1315 
1316 
1317 76
1318 
1319 78
1320 73
1321 76
1322 
1323 
1324 
1325 
1326 
1327 76
1328 76
1329 76
1330 76
1331 
1332 73
1333 78
1334 76
1335 
1336 
1337 77
1338 
1339 76
1340 
1341 
1342 
1343 
1344 76
1345 
1346 
1347 
1348 
1349 
1350 
1351 76
1352 76
1353 
1354 
1355 
1356 
1357 
1358 
1359 
1360 76
1361 76
1362 
1363 78
1364 
1365 76
1366 
1367 76
1368 70
1369 76
1370 
1371 78
1372 
1373 
1374 
1375 76
1376 76
1377 76
1378 78
1379 75
1380 76
1381 75
1382 
1383 
1384 70 76
1385 71
1386 
1387 73
1388 
1389 
1390 76
1391 76
1392 
1393 
1394 
1395 77
1396 
1397 
1398 76
1399 
1400 
1401 
1402 76
1403 74
1404 
1405 76 163
1406 
1407 
1408 73
1409 
1410 71
1411 76
1412 
1413 75
1414 
1415 
1416 76
1417 
1418 75
1419 171
1420 76
1421 71 76
1422 76
1423 75
1424 78
1425 
1426 
1427 
1428 
1429 72
1430 
1431 76
1432 
1433 
1434 
1435 76
1436 75
1437 
1438 
1439 77
1440 
1441 76
1442 77
1443 
1444 72
1445 76
1446 
1447 76
1448 75
1449 76
1450 76 171
1451 
1452 78
1453 
1454 
1455 
1456 
1457 
1458 76
1459 
1460 76
1461 
1462 
1463 
1464 
1465 113 118 138 141
1466 
1467 76
1468 78
1469 72
1470 76
1471 76
1472 
1473 
1474 
1475 
1476 
1477 76
1478 
1479 
1480 76
1481 
1482 
1483 
1484 76
1485 76
1486 
1487 73
1488 
1489 
1490 
1491 76
1492 
1493 
1494 76
1495 
1496 
1497 
1498 
1499 
1500 
1501 
1502 
1503 
1504 72
1505 76 171
1506 
1507 
1508 
1509 76
1510 
1511 
1512 
1513 76
1514 
1515 75
1516 76
1517 76
1518 
1519 76
1520 76
1521 76
1522 76
1523 76
1524 76
1525 
1526 
1527 
1528 76
1529 
1530 
1531 72
1532 76
1533 78
1534 76 171
1535 76
1536 
1537 76
1538 
1539 76
1540 76
1541 
1542 72
1543 
1544 76
1545 
1546 
1547 76
1548 78
1549 71 73
1550 
1551 76
1552 
1553 76
1554 76
1555 71 76
1556 
1557 76
1558 76
1559 76
1560 
1561 76
1562 77
1563 76
1564 76
1565 
1566 
1567 
1568 78
1569 
1570 
1571 
1572 76
1573 
1574 73
1575 
1576 
1577 138 141
1578 
1579 76
1580 76
1581 
1582 
1583 
1584 76
1585 76
1586 
1587 
1588 76
1589 76
1590 
1591 75
1592 
1593 76
1594 76
1595 
1596 
1597 76
1598 
1599 
1600 76
1601 78
1602 
1603 76
1604 
1605 
1606 
1607 74
1608 76
1609 
1610 76
1611 
1612 76
1613 76
1614 76
1615 
1616 73
1617 76
1618 77
1619 76
1620 76
1621 76
1622 76
1623 76
1624 
1625 
1626 76
1627 
1628 
1629 78
1630 
1631 
1632 
1633 
1634 
1635 75
1636 75
1637 76
1638 
1639 76
1640 
1641 76
1642 76 171
1643 76
1644 76
1645 
1646 
1647 
1648 
1649 
1650 
1651 
1652 76
1653 76
1654 
1655 
1656 171
1657 77
1658 77
1659 76
1660 
1661 
1662 
1663 76
1664 74
1665 
1666 76 171
1667 
1668 76
1669 76
1670 
1671 
1672 
1673 
1674 
1675 76
1676 71 76
1677 
1678 76
1679 73
1680 
1681 
1682 75
1683 76
1684 71 73 76 163 164 165 166 167 168 169 170 171 172 173 174 175 176 177 178 179
1685 
1686 
1687 
1688 76
1689 76
1690 72
1691 75
1692 73
1693 
1694 
1695 
1696 
1697 76
1698 76
1699 72
1700 76
1701 76
1702 76
1703 
1704 
1705 
1706 
1707 
1708 76
1709 
1710 76
1711 
1712 
1713 
1714 76
1715 
1716 
1717 76
1718 141
1719 76
1720 
1721 76
1722 76
1723 76
1724 76
1725 
1726 76 170 171
1727 72 75
1728 
1729 
1730 76
1731 
1732 
1733 78
1734 
1735 76
1736 76
1737 76
1738 72
1739 
1740 
1741 
1742 
1743 
1744 
1745 72
1746 76
1747 78
1748 
1749 
1750 76
1751 
1752 76
1753 76
1754 
1755 
1756 
1757 76
1758 76 171
1759 
1760 72
1761 76
1762 
1763 
1764 
1765 76
1766 73
1767 73
1768 
1769 76 77
1770 
1771 
1772 
1773 
1774 76
1775 
1776 
1777 
1778 
1779 76
1780 77
1781 
1782 
1783 
1784 78
1785 
1786 
1787 78
1788 
1789 76
1790 
1791 76
1792 76
1793 76
1794 
1795 76
1796 76
1797 
1798 78
1799 76
1800 76
1801 
1802 
1803 76
1804 
1805 76
1806 
1807 72
1808 75
1809 76
1810 
1811 76
1812 
1813 76
1814 77
1815 
1816 76
1817 76
1818 77
1819 76
1820 
1821 77
1822 
1823 76
1824 
1825 
1826 
1827 76
1828 75
1829 
1830 
1831 
1832 
1833 76
1834 
1835 76
1836 76
1837 78
1838 76
1839 
1840 
1841 
1842 76
1843 76
1844 
1845 76
1846 76
1847 
1848 75
1849 
1850 
1851 76
1852 76
1853 
1854 
1855 
1856 
1857 
1858 
1859 75
1860 
1861 76
1862 
1863 76
1864 
1865 76
1866 
1867 76
1868 
1869 
1870 
1871 
1872 75
1873 
1874 
1875 75
1876 
1877 76
1878 
1879 
1880 78
1881 73
1882 73
1883 76
1884 
1885 77
1886 76
1887 
1888 76
1889 
1890 
1891 75
1892 
1893 
1894 
1895 78
1896 74
1897 77
1898 
1899 75
1900 76
1901 
1902 76
1903 
1904 
1905 
1906 
1907 
1908 
1909 
1910 
1911 
1912 103 104 105 106 107 108 109 110 111 112 113 114 115 116 117 118 119 120 121 122 123 124 125 126 127 128 129 130 131 132 133 134 135 136 137 138 139 140 141 142 143 144 145 146 147 148
1913 139 145
1914 104
1915 118 139 144
1916 
1917 123
1918 123
1919 104
1920 141
1921 104
1922 118 144
1923 109 113 114 141 144
1924 
1925 123
1926 144
1927 104
1928 104
1929 123
1930 144
1931 104
1932 141
1933 144
1934 144
1935 104
1936 144
1937 144
1938 123
1939 124
1940 
1941 103 123 141
1942 123
1943 123 134
1944 144
1945 141 143
1946 123
1947 109 113 124 141
1948 141
1949 118 144
1950 104
1951 104
1952 126 139
1953 123
1954 104 141
1955 141
1956 116 139
1957 134
1958 134
1959 108 124 129 132
1960 144
1961 137 138
1962 123
1963 123
1964 114 144
1965 144
1966 123
1967 124 133
1968 104
1969 123
1970 124 140
1971 123
1972 134
1973 134
1974 148
1975 144
1976 104 145
1977 139
1978 144
1979 123
1980 134
1981 124
1982 
1983 123
1984 123 147
1985 113 123 129
1986 123
1987 132 139
1988 130
1989 123
1990 144
1991 104
1992 130
1993 123
1994 141
1995 104
1996 118 144
1997 123
1998 104
1999 104 118
2000 104
2001 104
2002 124
2003 124 140
2004 104
2005 123
2006 104
2007 123 141
2008 144
2009 104
2010 139 141
2011 104
2012 104
2013 144
2014 104
2015 104
2016 104
2017 118 144
2018 104
2019 123
2020 104 123
2021 123
2022 104
2023 118 144
2024 104
2025 104
2026 108 139
2027 104
2028 141
2029 144
2030 123
2031 114 144
2032 141 143
2033 123
2034 113 126 144
2035 144
2036 139 144
2037 123
2038 114 141 144
2039 141
2040 123
2041 118 144
2042 113 118 136 141
2043 123
2044 
2045 123
2046 106 123
2047 103 113 141 144
2048 123
2049 144
2050 
2051 139 144
2052 111 141 143
2053 124 141
2054 124 141 143
2055 123
2056 123
2057 132 139
2058 
2059 106 123
2060 123
2061 134
2062 118 124 129
2063 123
2064 123
2065 139
2066 139
2067 123 139
2068 141
2069 123
2070 144
2071 141
2072 124 141
2073 123 147
2074 123
2075 124
2076 130
2077 123
2078 123
2079 
2080 144
2081 120 124 138 141
2082 139 144
2083 123
2084 123
2085 144
2086 123
2087 141
2088 123
2089 144
2090 123
2091 144
2092 123
2093 123
2094 103 137
2095 123
2096 113 118 124
2097 104
2098 115 123
2099 111 139
2100 119 139
2101 124
2102 141 143
2103 123
2104 123
2105 144
2106 127 128 144
2107 
2108 106 123
2109 123
2110 124
2111 113 124 141
2112 123
2113 119 139
2114 118 126 144
2115 123
2116 104
2117 141 144
2118 123
2119 144
2120 118 144
2121 123 134
2122 123
2123 123
2124 123
2125 110 118 141
2126 137 144
2127 141
2128 136 138 139
2129 139 144
2130 139 144
2131 123
2132 124
2133 114 141 144
2134 109 113 117 141 146
2135 141
2136 123
2137 115 139
2138 141
2139 123
2140 123
2141 144
2142 113 117 118 123
2143 104 136 141
2144 143
2145 144
2146 144
2147 123
2148 141
2149 138 141
2150 123
2151 141 143
2152 144
2153 108 141
2154 123
2155 144
2156 118 144
2157 104
2158 144
2159 104
2160 144
2161 124
2162 144
2163 110 141
2164 123
2165 123
2166 
2167 137
2168 118 144
2169 139 141
2170 130
2171 104
2172 123
2173 144
2174 113 141 144
2175 144
2176 114 141 144
2177 124 139
2178 144
2179 123
2180 
2181 144
2182 120 144
2183 103 118 141
2184 123
2185 107
2186 114 144
2187 141
2188 123
2189 123 141
2190 123
2191 108 141
2192 104
2193 144
2194 141
2195 
2196 141
2197 144
2198 
2199 124 141
2200 123
2201 123
2202 
2203 141 145
2204 113 118 144
2205 
2206 123
2207 
2208 148
2209 114 141 144
2210 123
2211 114 144
2212 123
2213 
2214 139
2215 132 139
2216 123
2217 107 119
2218 123 134
2219 107
2220 123
2221 118 124
2222 124 140
2223 141
2224 110 118 141
2225 134
2226 
2227 139 144
2228 144
2229 123 147
2230 111 121 139
2231 118 144
2232 118 144
2233 123
2234 123
2235 124
2236 144
2237 123
2238 144
2239 
2240 123
2241 113 129 141 143
2242 144
2243 118 124
2244 123 147
2245 137
2246 111 141
2247 111 141
2248 144
2249 139
2250 141 145
2251 139 144
2252 124 139
2253 123
2254 107 141
2255 130
2256 139
2257 123
2258 123
2259 130 141
2260 126 144
2261 123
2262 123
2263 139
2264 
2265 139
2266 113 118 123
2267 123
2268 104 138 141
2269 
2270 139
2271 123
2272 144
2273 141 143
2274 124 141
2275 123
2276 123
2277 144
2278 123 136
2279 141
2280 124 141
2281 
2282 124 141
2283 111 118 122 125 126 141
2284 104
2285 
2286 144
2287 123
2288 123 139
2289 141 142 144
2290 123
2291 139
2292 136 138 141
2293 123
2294 124 141
2295 110 139
2296 114 144
2297 104
2298 110 121 139
2299 123
2300 123
2301 124 137
2302 136 141
2303 
2304 111 141
2305 
2306 123
2307 123
2308 123
2309 123
2310 114 144
2311 123
2312 139 145
2313 144
2314 144
2315 141
2316 118 144
2317 144
2318 114 140 144
2319 141 145
2320 130
2321 126 144
2322 144
2323 123
2324 123
2325 114 144
2326 123
2327 124
2328 118 124 141 142
2329 123
2330 
2331 144
2332 103 118 141
2333 124 141
2334 123
2335 144
2336 118 141
2337 104
2338 141
2339 123
2340 123
2341 104 144
2342 144
2343 141
2344 113 124 142
2345 139 144
2346 104
2347 123 141
2348 115 123
2349 130 139
2350 123
2351 141
2352 123
2353 123
2354 123
2355 139 145
2356 123
2357 144
2358 111 139
2359 123
2360 144
2361 144
2362 144
2363 123
2364 104
2365 134
2366 144
2367 141 144
2368 
2369 106 123
2370 123
2371 139 144
2372 141 145
2373 144
2374 123
2375 107 119
2376 123 130 134
2377 124 141
2378 104
2379 144
2380 
2381 123
2382 113 118 144
2383 
2384 124 141 145
2385 132
2386 123
2387 123
2388 144
2389 139 145
2390 124
2391 123
2392 123
2393 123
2394 124 141
2395 123 134
2396 124
2397 144
2398 130 141
2399 124 130 141
2400 139 145
2401 130
2402 139 144
2403 144
2404 123
2405 144
2406 144
2407 123
2408 123
2409 123
2410 123
2411 144
2412 144
2413 139
2414 123
2415 124 140
2416 114 141 144
2417 
2418 123
2419 114 141 144
2420 141
2421 113 118 144
2422 139
2423 123
2424 118 144
2425 116
2426 115 130
2427 
2428 123
2429 
2430 123
2431 126 139
2432 124
2433 123 147
2434 124
2435 
2436 136 141
2437 113 118 144
2438 124 141
2439 107 119
2440 144
2441 139
2442 123
2443 123 135
2444 130
2445 139 141
2446 123
2447 104
2448 139 144
2449 123 139
2450 139
2451 124 141
2452 144
2453 148
2454 139
2455 113 118 144
2456 105 113 118 144
2457 135
2458 118 124 141
2459 104 146
2460 123
2461 107 111 141
2462 123
2463 136 141
2464 123
2465 143
2466 130
2467 
2468 113 123 131 142
2469 123
2470 113 118 146
2471 141
2472 104 141
2473 141 144
2474 144
2475 141
2476 123
2477 123
2478 123
2479 124
2480 144
2481 137
2482 123
2483 135
2484 123
2485 123
2486 130
2487 137
2488 139
2489 123
2490 
2491 138 141
2492 123
2493 
2494 104
2495 123
2496 141
2497 139 144
2498 108 141 144
2499 123
2500 123
2501 118 124
2502 110 139
2503 144
2504 123
2505 148
2506 115 123
2507 123
2508 
2509 124
2510 
2511 124 141
2512 117 123 129
2513 130 139
2514 139
2515 130
2516 110 141
2517 139
2518 134 138
2519 110 141
2520 123
2521 120 123
2522 
2523 112 118 144
2524 139
2525 114 144
2526 123
2527 135
2528 116 139
2529 139 145
2530 139
2531 107 139 145
2532 123
2533 141
2534 139 144
2535 137
2536 123
2537 124
2538 104
2539 123
2540 103 144
2541 113 144
2542 118 123
2543 103 110 113 123 141
2544 136 139
2545 
2546 123
2547 
2548 107 119
2549 123
2550 123
2551 123
2552 
2553 123
2554 
2555 111 141
2556 123
2557 114 144
2558 107 116
2559 123
2560 117 120 123
2561 115 123
2562 144
2563 123
2564 123
2565 118 144
2566 144
2567 108 141
2568 124 139
2569 144
2570 137 144
2571 104 141
2572 123
2573 115 123
2574 123
2575 123 147
2576 123
2577 118 121 144
2578 123
2579 123
2580 144
2581 118 144
2582 110 141
2583 104
2584 123
2585 104
2586 123 147
2587 118 144
2588 135
2589 141
2590 123
2591 123
2592 141
2593 123
2594 141
2595 135
2596 
2597 141
2598 118 138 141 143 146
2599 143
2600 123
2601 123
2602 123
2603 124 144
2604 123
2605 118 139
2606 123
2607 123
2608 141
2609 143
2610 114 141 144
2611 123
2612 144
2613 123
2614 139 144
2615 123
2616 141 145
2617 124
2618 144
2619 123 147
2620 104
2621 107 119
2622 130
2623 123
2624 123
2625 123
2626 104
2627 104
2628 139 144
2629 136 141
2630 123
2631 123
2632 139 144
2633 104
2634 144
2635 136 141
2636 104
2637 144
2638 123
2639 104
2640 104
2641 114
2642 118 141 143 144
2643 110 141
2644 
2645 104
2646 123
2647 104
2648 104
2649 110 118 141
2650 130
2651 148
2652 124
2653 143
2654 123
2655 123
2656 144
2657 104
2658 104
2659 104 144
2660 104
2661 165
2662 163
2663 177
2664 177
2665 170
2666 177
2667 171
2668 170
2669 177
2670 174
2671 163
2672 165
2673 177
2674 165
2675 170
2676 177
2677 171
2678 171
2679 177
2680 177
2681 177
2682 163
2683 177
2684 165
2685 176
2686 170
2687 165
2688 171
2689 177
2690 171
2691 179
2692 
2693 171
2694 166 177
2695 177
2696 163
2697 163
2698 177
2699 174
2700 171
2701 165
2702 170
2703 174
2704 164
2705 177
2706 177
2707 167
2708 165
2709 
2710 177
2711 163
2712 
2713 163
2714 169
2715 170
2716 165
2717 164
2718 170
2719 165
2720 165
2721 
2722 167
2723 170
2724 163
2725 
2726 177
2727 171
2728 163
2729 177
2730 170
2731 177
2732 172
2733 165
2734 171
2735 171
2736 168
2737 163
2738 177
2739 163
2740 164
2741 177
2742 165
2743 177
2744 170
2745 177
2746 177
2747 170
2748 165
2749 177
2750 177
2751 170
2752 171
2753 165
2754 177
2755 177
2756 177
2757 177
2758 170
2759 177
2760 171
2761 177
2762 168
2763 177
2764 171
2765 165
2766 177
2767 167
2768 170
2769 177
2770 165
2771 168
2772 170
2773 177
2774 179
2775 163
2776 172
2777 177
2778 165
2779 163
2780 165 170 171
2781 168
2782 177
2783 165
2784 171
2785 165
2786 177
2787 166
2788 172
2789 177
2790 171
2791 171
2792 179
2793 165
2794 177
2795 170
2796 165
2797 165
2798 177
2799 172
2800 177
2801 170
2802 171
2803 171
2804 168
2805 169
2806 177
2807 177
2808 167
2809 177
2810 177
2811 
2812 171
2813 171
2814 164
2815 177
2816 170
2817 179
2818 171
2819 171
2820 163
2821 177
2822 171
2823 
2824 
2825 170
2826 171
2827 177
2828 165
2829 163
2830 163
2831 170
2832 177
2833 165
2834 174
2835 177
2836 168
2837 177
2838 164
2839 177
2840 165
2841 168
2842 167
2843 170
2844 170
2845 163
2846 165
2847 171
2848 171
2849 165
2850 177
2851 177
2852 177
2853 177
2854 177
2855 
2856 171
2857 167
2858 168
2859 171
2860 163
2861 172
2862 177
2863 165
2864 177
2865 170
2866 173
2867 177
2868 171
2869 165
2870 163
2871 170
2872 177
2873 177
2874 177
2875 165
2876 171
2877 177
2878 170
2879 174
2880 177
2881 165
2882 171
2883 171
2884 177
2885 164
2886 178
2887 177
2888 177
2889 174
2890 177
2891 177
2892 163
2893 168
2894 165
2895 171
2896 177
2897 177
2898 168
2899 177
2900 163
2901 165
2902 172
2903 171
2904 165
2905 177
2906 177
2907 177
2908 177
2909 177
2910 177
2911 177
2912 177
2913 177
2914 170
2915 173
2916 177
2917 177
2918 170
2919 177
2920 177
2921 170
2922 169
2923 171
2924 177
2925 177
2926 167
2927 177
2928 177
2929 177
2930 172
2931 177
2932 170
2933 169
2934 163
2935 169
2936 165
2937 165
2938 
2939 165
2940 177
2941 171
2942 
2943 177
2944 177
2945 177
2946 177
2947 163
2948 177
2949 178
2950 170
2951 163
2952 177
2953 177
2954 168
2955 170
2956 177
2957 176
2958 171
2959 174
2960 177
2961 177
2962 163
2963 177
2964 167
2965 165
2966 177
2967 177
2968 171
2969 177
2970 165
2971 171
2972 174
2973 165
2974 177
2975 167
2976 165
2977 
2978 177
2979 175
2980 167
2981 177
2982 174
2983 169
2984 170
2985 177
2986 177
2987 177
2988 177
2989 165
2990 163
2991 165
2992 165
2993 177
2994 177
2995 163
2996 170
2997 169
2998 171
2999 171
3000 177
3001 163
3002 163
3003 164
3004 177
3005 165
3006 167
3007 163
3008 174
3009 171
3010 177
3011 165 171 176
3012 169
3013 165
3014 177
3015 171
3016 165
3017 165
3018 163
3019 163
3020 171
3021 165
3022 177
3023 177
3024 171
3025 177
3026 177
3027 170
3028 169
3029 177
3030 177
3031 167
3032 170
3033 177
3034 
3035 165
3036 177
3037 179
3038 165
3039 165
3040 177
3041 165
3042 177
3043 170
3044 177
3045 177
3046 165
3047 177
3048 170
3049 165
3050 170
3051 165
3052 177
3053 172
3054 177
3055 177 179
3056 177
3057 171
3058 165
3059 177
3060 165
3061 176
3062 163
3063 169
3064 177
3065 177
3066 178
3067 170
3068 163
3069 163
3070 165
3071 175
3072 171
3073 177
3074 179
3075 170
3076 165
3077 163
3078 177
3079 165
3080 177
3081 176
3082 165
3083 178
3084 177
3085 177
3086 163
3087 170
3088 171
3089 165
3090 177
3091 
3092 177
3093 170
3094 167
3095 177
3096 177
3097 171
3098 177
3099 171
3100 163
3101 165
3102 165
3103 163
3104 177
3105 172
3106 165
3107 170
3108 177
3109 165
3110 171
3111 165
3112 165
3113 165
3114 177
3115 165
3116 165
3117 177
3118 163
3119 177
3120 165
3121 167
3122 172
3123 177
3124 170
3125 
3126 178
3127 179
3128 178
3129 177
3130 177
3131 172
3132 165
3133 167
3134 170
3135 177
3136 170
3137 177
3138 171
3139 177
3140 170
3141 172
3142 177
3143 177
3144 170
3145 165
3146 165
3147 179
3148 165
3149 
3150 165
3151 170
3152 165
3153 177
3154 163
3155 169
3156 170
3157 167
3158 177
3159 167
3160 170
3161 171
3162 163
3163 177
3164 171
3165 171
3166 177
3167 170
3168 163
3169 165
3170 165
3171 170
3172 165
3173 173
3174 177
3175 165
3176 163
3177 163
3178 171
3179 165
3180 172
3181 172
3182 165
3183 177
3184 177
3185 165
3186 163
3187 170
3188 165
3189 170
3190 168
3191 163
3192 165
3193 177
3194 165
3195 177
3196 170
3197 165
3198 165
3199 170
3200 172
3201 165
3202 177
3203 163
3204 165
3205 171
3206 165
3207 163
3208 
3209 165
3210 163
3211 171
3212 165
3213 177
3214 168
3215 171
3216 172
3217 
3218 172
3219 170
3220 177
3221 168
3222 171
3223 163
3224 165
3225 165
3226 177
3227 177
3228 177
3229 177
3230 171
3231 177
3232 177
3233 163
3234 177
3235 
3236 170
3237 177
3238 177
3239 165
3240 165
3241 163
3242 171
3243 177
3244 163
3245 171
3246 163
3247 165
3248 168
3249 170
3250 177
3251 172
3252 165
3253 170
3254 165
3255 170
3256 170
3257 177
3258 171
3259 
3260 165
3261 165
3262 165
3263 171
3264 170
3265 165
3266 176
3267 165
3268 
3269 177
3270 167
3271 172
3272 165
3273 163
3274 165
3275 168
3276 170
3277 165
3278 171
3279 170
3280 165
3281 165
3282 179
3283 174
3284 177
3285 163
3286 177
3287 165
3288 165
3289 
3290 164
3291 165
3292 171
3293 177
3294 177
3295 163
3296 165
3297 165
3298 165
3299 165
3300 177
3301 177
3302 171
3303 177
3304 177
3305 171
3306 165
3307 170
3308 176
3309 174
3310 178
3311 174
3312 170
3313 165
3314 174
3315 177
3316 165
3317 177
3318 174
3319 171
3320 165
3321 165
3322 178
3323 170
3324 177
3325 174
3326 170
3327 168
3328 167 175
3329 171
3330 171
3331 171
3332 165
3333 177
3334 163
3335 171
3336 178
3337 170
3338 167
3339 177
3340 171
3341 
3342 171
3343 171
3344 165
3345 165
3346 163
3347 165
3348 177
3349 171
3350 165
3351 165
3352 165
3353 165
3354 172
3355 165
3356 163
3357 165
3358 170
3359 163
3360 165
3361 171
3362 177
3363 177
3364 177
3365 170
3366 163
3367 165
3368 169
3369 170
3370 167
3371 163
3372 172
3373 171
3374 171
3375 171
3376 167
3377 165
3378 165
3379 163
3380 170
3381 165
3382 174
3383 168
3384 177
3385 170
3386 165
3387 177
3388 177
3389 168
3390 177
3391 165
3392 177
3393 170
3394 177
3395 170
3396 165
3397 165
3398 176
3399 177
3400 177
3401 167
3402 167
3403 165
3404 170
3405 176
3406 165
3407 171
3408 167
3409 170
3410 163
3411 165
3412 163
3413 177
3414 177
3415 163
3416 165
3417 177
3418 170
3419 165
3420 163
3421 167
3422 165
3423 174
3424 168
3425 167
3426 177
3427 167
3428 177
3429 167
3430 177
3431 171
3432 171
3433 177
3434 165
3435 177
3436 177
3437 1 2 3 4 5 6 7 8 9 10 11 12 13 14 15 16 17 18 19 20 21 22 23 24 25 26 27 28 29 30 31 32
3438 
3439 
3440 
3441 
3442 
3443 
3444 
3445 
3446 
3447 
3448 
3449 
3450 
3451 
3452 
3453 
3454 5 15
3455 
3456 4 6 20
3457 
3458 
3459 
3460 
3461 
3462 
3463 
3464 
3465 
3466 
3467 
3468 
3469 
3470 16
3471 
3472 
3473 
3474 
3475 
3476 12
3477 18 32
3478 
3479 
3480 
3481 
3482 16
3483 
3484 
3485 
3486 
3487 
3488 1 4
3489 
3490 
3491 
3492 
3493 
3494 13 15
3495 
3496 
3497 
3498 
3499 
3500 
3501 
3502 
3503 
3504 
3505 
3506 14 15 19
3507 
3508 
3509 
3510 
3511 
3512 
3513 
3514 
3515 
3516 
3517 
3518 1 4 18 28
3519 
3520 
3521 4 5 16
3522 
3523 
3524 
3525 
3526 
3527 
3528 
3529 
3530 
3531 
3532 
3533 
3534 15
3535 
3536 
3537 
3538 
3539 15
3540 
3541 
3542 
3543 
3544 8 26
3545 
3546 
3547 
3548 26
3549 
3550 
3551 6 15
3552 
3553 16 23
3554 15
3555 15 21
3556 
3557 
3558 14 15
3559 
3560 
3561 
3562 
3563 
3564 15
3565 
3566 6 15
3567 17
3568 15
3569 
3570 
3571 
3572 
3573 
3574 1 4
3575 
3576 
3577 
3578 
3579 
3580 
3581 
3582 
3583 
3584 
3585 
3586 4 5 6 20 27
3587 
3588 
3589 
3590 
3591 
3592 5 26
3593 14 15
3594 
3595 
3596 
3597 
3598 
3599 
3600 
3601 
3602 
3603 
3604 1 4 15
3605 1 4
3606 
3607 
3608 
3609 
3610 
3611 
3612 12 15
3613 
3614 
3615 16 23
3616 
3617 9 13 15
3618 
3619 
3620 
3621 
3622 
3623 2 15 31
3624 3
3625 
3626 
3627 
3628 
3629 
3630 
3631 
3632 
3633 4 20 27
3634 
3635 
3636 
3637 
3638 
3639 
3640 1 4
3641 
3642 
3643 
3644 
3645 15
3646 
3647 
3648 
3649 
3650 
3651 4
3652 
3653 
3654 
3655 
3656 4
3657 
3658 
3659 
3660 26
3661 
3662 
3663 
3664 
3665 
3666 
3667 
3668 
3669 
3670 
3671 
3672 
3673 
3674 4 26
3675 12 15
3676 
3677 4 5 15 23 29
3678 
3679 
3680 15 19
3681 
3682 3
3683 
3684 
3685 
3686 
3687 
3688 
3689 5 15
3690 9 13 15
3691 
3692 
3693 
3694 
3695 
3696 
3697 
3698 
3699 
3700 
3701 
3702 
3703 
3704 
3705 15 16 23
3706 
3707 
3708 
3709 
3710 
3711 
3712 
3713 
3714 
3715 
3716 
3717 
3718 15 19
3719 15
3720 
3721 5 6 15 20
3722 
3723 
3724 
3725 
3726 
3727 
3728 
3729 
3730 
3731 
3732 
3733 
3734 
3735 
3736 
3737 
3738 
3739 
3740 
3741 
3742 
3743 
3744 
3745 
3746 
3747 
3748 
3749 
3750 
3751 
3752 
3753 4 16
3754 
3755 
3756 
3757 
3758 14 15 19
3759 12 15
3760 
3761 
3762 
3763 11 15
3764 
3765 
3766 15 16
3767 
3768 
3769 
3770 15
3771 3 15
3772 32
3773 
3774 
3775 8 26
3776 
3777 15
3778 
3779 32
3780 
3781 
3782 2 15
3783 
3784 
3785 
3786 2 15
3787 
3788 
3789 
3790 
3791 15 16
3792 
3793 
3794 
3795 
3796 
3797 
3798 
3799 12
3800 
3801 
3802 
3803 15 26
3804 
3805 
3806 
3807 
3808 
3809 
3810 14 15 19
3811 
3812 
3813 
3814 
3815 
3816 
3817 
3818 
3819 15 17
3820 
3821 
3822 
3823 15
3824 
3825 15
3826 
3827 
3828 
3829 
3830 4 5 10
3831 
3832 1 4
3833 
3834 9 15 22
3835 
3836 12 15
3837 12
3838 
3839 
3840 
3841 
3842 
3843 15 26
3844 12
3845 
3846 
3847 
3848 
3849 
3850 
3851 
3852 
3853 
3854 
3855 
3856 
3857 
3858 
3859 
3860 1 4
3861 15 30
3862 
3863 
3864 
3865 
3866 
3867 
3868 
3869 
3870 
3871 
3872 
3873 
3874 
3875 
3876 
3877 
3878 
3879 
3880 4 5
3881 
3882 
3883 
3884 
3885 
3886 
3887 
3888 
3889 
3890 
3891 
3892 
3893 12 15
3894 3
3895 7 15
3896 
3897 
3898 
3899 
3900 
3901 
3902 
3903 
3904 
3905 
3906 
3907 4 16
3908 
3909 
3910 
3911 
3912 17
3913 
3914 
3915 
3916 
3917 
3918 
3919 
3920 
3921 
3922 
3923 
3924 
3925 
3926 
3927 
3928 
3929 
3930 
3931 
3932 
3933 
3934 
3935 
3936 
3937 
3938 1 4 20
3939 3 25
3940 
3941 
3942 
3943 
3944 
3945 15
3946 
3947 2 15 19
3948 4 5 6 25
3949 3
3950 
3951 
3952 
3953 
3954 
3955 
3956 
3957 
3958 
3959 
3960 
3961 
3962 4 6 20
3963 3 24
3964 
3965 
3966 
3967 
3968 
3969 
3970 
3971 
3972 
3973 
3974 
3975 
3976 
3977 
3978 
3979 26
3980 53 54 55 56 57 58 59 60 61 62 63 64 65 66 67 68 69
3981 59
3982 68
3983 62
3984 60
3985 69
3986 62
3987 56
3988 61
3989 53
3990 63
3991 59
3992 62
3993 69
3994 59
3995 69
3996 59
3997 59
3998 59
3999 59
4000 62
4001 64
4002 59
4003 69
4004 69
4005 59
4006 57
4007 63
4008 59
4009 53
4010 54
4011 59
4012 65
4013 55
4014 67
4015 56
4016 63
4017 62
4018 59
4019 59
4020 59
4021 61
4022 
4023 59
4024 56
4025 63
4026 61
4027 59
4028 59
4029 64
4030 61
4031 59
4032 59
4033 62
4034 59
4035 58
4036 59
4037 54
4038 66
